{
 "cells": [
  {
   "cell_type": "code",
   "execution_count": 1,
   "id": "1ed65fa7",
   "metadata": {},
   "outputs": [],
   "source": [
    "import truth_request as tr\n",
    "import truth_analysis as ta\n",
    "\n",
    "from imp import reload\n",
    "\n",
    "from datetime import datetime\n",
    "from datetime import timedelta\n",
    "from dateutil.parser import parse as date_parse\n",
    "\n",
    "import auth\n",
    "import requests\n",
    "import json\n",
    "\n",
    "import datetime as dt\n",
    "\n",
    "import numpy as np\n",
    "\n",
    "import statistics"
   ]
  },
  {
   "cell_type": "code",
   "execution_count": 8,
   "id": "db6e64f5",
   "metadata": {},
   "outputs": [
    {
     "data": {
      "text/plain": [
       "<module 'truth_analysis' from '/Users/gkeramidas/Projects/leo-backend-od/truth_analysis.py'>"
      ]
     },
     "execution_count": 8,
     "metadata": {},
     "output_type": "execute_result"
    }
   ],
   "source": [
    "reload(ta)"
   ]
  },
  {
   "cell_type": "code",
   "execution_count": 2,
   "id": "bbfeb286",
   "metadata": {},
   "outputs": [],
   "source": [
    "import asyncio"
   ]
  },
  {
   "cell_type": "code",
   "execution_count": 3,
   "id": "f70519f6",
   "metadata": {},
   "outputs": [],
   "source": [
    "import matplotlib.pyplot as plt\n",
    "import time"
   ]
  },
  {
   "cell_type": "code",
   "execution_count": 4,
   "id": "996f8816",
   "metadata": {},
   "outputs": [],
   "source": [
    "import orekit\n",
    "from orekit.pyhelpers import  setup_orekit_curdir"
   ]
  },
  {
   "cell_type": "code",
   "execution_count": 5,
   "id": "b4d09219",
   "metadata": {},
   "outputs": [],
   "source": [
    "orekit_vm = orekit.initVM()\n",
    "setup_orekit_curdir(\"/Users/gkeramidas/Projects/learning/leolabs-config-data-dynamic/\")"
   ]
  },
  {
   "cell_type": "code",
   "execution_count": 6,
   "id": "29562498",
   "metadata": {},
   "outputs": [],
   "source": [
    "# Inputs\n",
    "ILRS_targets = ['L5011', 'L3059', 'L2486', 'L4884', 'L1471', 'L5429', 'L3972', 'L3969', 'L2669', 'L2682']\n",
    "#ILRS_targets = ['L5011', 'L3059', 'L2486', 'L4884', 'L1471', 'L2669', 'L2682']\n",
    "epoch = [2022,5,15]\n",
    "num_days = 2"
   ]
  },
  {
   "cell_type": "code",
   "execution_count": 8,
   "id": "8ee8708b",
   "metadata": {},
   "outputs": [],
   "source": [
    "start_time_str, end_time_str = tr.propagation_dates_from_epoch(state_array[0][2])"
   ]
  },
  {
   "cell_type": "code",
   "execution_count": 6,
   "id": "564dad53",
   "metadata": {},
   "outputs": [
    {
     "name": "stdout",
     "output_type": "stream",
     "text": [
      "info Syncing ILRS truth data from S3 (0 files downloaded)\n",
      "info Syncing ILRS truth data from S3 (0 files downloaded)\n",
      "info Syncing ILRS truth data from S3 (0 files downloaded)\n",
      "info Syncing ILRS truth data from S3 (0 files downloaded)\n",
      "info Syncing ILRS truth data from S3 (0 files downloaded)\n",
      "info Syncing ILRS truth data from S3 (0 files downloaded)\n",
      "info Syncing ILRS truth data from S3 (0 files downloaded)\n",
      "info Syncing ILRS truth data from S3 (0 files downloaded)\n",
      "info Syncing ILRS truth data from S3 (0 files downloaded)\n",
      "info Syncing ILRS truth data from S3 (0 files downloaded)\n"
     ]
    }
   ],
   "source": [
    "# Download files\n",
    "tr.dwld_data_for_all_targets(ILRS_targets[:],epoch,num_days)"
   ]
  },
  {
   "cell_type": "code",
   "execution_count": 7,
   "id": "7c7ceef9",
   "metadata": {},
   "outputs": [],
   "source": [
    "state_array = tr.collect_all_states(ILRS_targets, epoch, num_days)"
   ]
  },
  {
   "cell_type": "code",
   "execution_count": 9,
   "id": "4fc95443",
   "metadata": {},
   "outputs": [
    {
     "data": {
      "text/plain": [
       "array(['L5011', '22628731', '2022-05-13T07:55:49.372930Z'], dtype='<U32')"
      ]
     },
     "execution_count": 9,
     "metadata": {},
     "output_type": "execute_result"
    }
   ],
   "source": [
    "state_array[0]"
   ]
  },
  {
   "cell_type": "code",
   "execution_count": 10,
   "id": "7bac712a",
   "metadata": {},
   "outputs": [
    {
     "name": "stdout",
     "output_type": "stream",
     "text": [
      "Elapsed time: 0.32247090339660645\n"
     ]
    }
   ],
   "source": [
    "start = time.time()\n",
    "tr.id_data('L5011')\n",
    "end = time.time()\n",
    "print(\"Elapsed time:\", end-start)"
   ]
  },
  {
   "cell_type": "code",
   "execution_count": 11,
   "id": "3b604005",
   "metadata": {},
   "outputs": [],
   "source": [
    "def request_response(object_url):\n",
    "    request_response = requests.get(object_url,headers=auth.headers)\n",
    "    return request_response"
   ]
  },
  {
   "cell_type": "code",
   "execution_count": 12,
   "id": "555653fb",
   "metadata": {},
   "outputs": [],
   "source": [
    "test_object_url = \"\".join([auth.api_url, '/catalog/objects/','L5011'])"
   ]
  },
  {
   "cell_type": "code",
   "execution_count": 13,
   "id": "329ec7e6",
   "metadata": {},
   "outputs": [],
   "source": [
    "async def async_id_data(leo_id):\n",
    "    object_url = \"\".join([auth.api_url, '/catalog/objects/',leo_id])\n",
    "    object_response = await asyncio.to_thread(request_response,object_url)\n",
    "    leolabs_id = object_response.json()[\"catalogNumber\"] \n",
    "    norad_id = object_response.json()[\"noradCatalogNumber\"]\n",
    "    name = object_response.json()[\"name\"]\n",
    "    \n",
    "    id_dict = {}\n",
    "    id_dict['leolabs_id'] = leolabs_id\n",
    "    id_dict['norad_id'] = norad_id\n",
    "    id_dict['object_name'] = name\n",
    "    return id_dict"
   ]
  },
  {
   "cell_type": "code",
   "execution_count": 14,
   "id": "1ad2d01a",
   "metadata": {},
   "outputs": [
    {
     "name": "stdout",
     "output_type": "stream",
     "text": [
      "Elapsed time: 0.33194804191589355\n"
     ]
    }
   ],
   "source": [
    "start = time.time()\n",
    "await async_id_data('L5011')\n",
    "end = time.time()\n",
    "print(\"Elapsed time:\", end-start)"
   ]
  },
  {
   "cell_type": "code",
   "execution_count": 24,
   "id": "41f870fe",
   "metadata": {},
   "outputs": [
    {
     "data": {
      "text/plain": [
       "{'leolabs_id': 'L5011', 'norad_id': 22824, 'object_name': 'STELLA'}"
      ]
     },
     "execution_count": 24,
     "metadata": {},
     "output_type": "execute_result"
    }
   ],
   "source": [
    "tr.id_data('L5011')"
   ]
  },
  {
   "cell_type": "code",
   "execution_count": 15,
   "id": "d6380eea",
   "metadata": {},
   "outputs": [
    {
     "data": {
      "text/plain": [
       "{'leolabs_id': 'L5011', 'norad_id': 22824, 'object_name': 'STELLA'}"
      ]
     },
     "execution_count": 15,
     "metadata": {},
     "output_type": "execute_result"
    }
   ],
   "source": [
    "await async_id_data('L5011')"
   ]
  },
  {
   "cell_type": "code",
   "execution_count": 32,
   "id": "0818a325",
   "metadata": {},
   "outputs": [],
   "source": [
    "async def async_propagation_of_state(leo_id, state_id, start_time, end_time, timestep):\n",
    "    \"\"\"Asynchronous request of state propagations between a start date and an end date and with certain timestep.\"\"\"\n",
    "    \n",
    "    propagation_url = \"\".join([auth.api_url, '/catalog/objects/',leo_id,'/states/',state_id,'/propagations?startTime=',start_time,'&endTime=',end_time,'&timestep=',str(timestep)])\n",
    "    \n",
    "    propagation_response = await asyncio.to_thread(request_response,propagation_url)\n",
    "    \n",
    "    return propagation_response.json()[\"propagation\"]"
   ]
  },
  {
   "cell_type": "code",
   "execution_count": 33,
   "id": "2f3191ec",
   "metadata": {},
   "outputs": [],
   "source": [
    "async def async_RIC_covariance_of_propagations(leo_id, state_id, start_time, end_time, timestep):\n",
    "    \"\"\"Asynchonously pull the RIC covariances out of the propagations \"\"\" \n",
    "    \n",
    "    prop_with_ric_url = \"\".join([auth.api_url, '/catalog/objects/',leo_id,'/states/',state_id,'/propagations?startTime=',start_time,'&endTime=',end_time,'&timestep=',str(timestep),'&frame=RIC'])\n",
    "    \n",
    "    prop_with_ric_response = await asyncio.to_thread(request_response,prop_with_ric_url)\n",
    "    \n",
    "    return prop_with_ric_response.json()[\"propagation\"]"
   ]
  },
  {
   "cell_type": "code",
   "execution_count": 28,
   "id": "ee436e55",
   "metadata": {
    "collapsed": true
   },
   "outputs": [
    {
     "data": {
      "text/plain": [
       "[{'timestamp': '2022-05-12T07:55:50Z',\n",
       "  'position': [0.0, 0.0, 0.0],\n",
       "  'velocity': [0.0, 0.0, 0.0],\n",
       "  'covariance': [[54.89696168201921,\n",
       "    -238.28703909645142,\n",
       "    -20.763547498014425,\n",
       "    0.3979784159164538,\n",
       "    -0.061678176733279036,\n",
       "    -0.03616250831319516],\n",
       "   [-238.28703909645142,\n",
       "    6112.136784484874,\n",
       "    121.46767656223038,\n",
       "    -9.972015110365998,\n",
       "    0.2940229461725638,\n",
       "    0.19145868125955862],\n",
       "   [-20.763547498014425,\n",
       "    121.46767656223038,\n",
       "    118.4410445685638,\n",
       "    -0.21916225092792188,\n",
       "    0.022284106428560088,\n",
       "    0.03165107340144876],\n",
       "   [0.3979784159164538,\n",
       "    -9.972015110365998,\n",
       "    -0.21916225092792188,\n",
       "    0.016321060408444003,\n",
       "    -0.0004890083873338488,\n",
       "    -0.0003283569166240579],\n",
       "   [-0.061678176733279036,\n",
       "    0.2940229461725638,\n",
       "    0.022284106428560088,\n",
       "    -0.0004890083873338487,\n",
       "    6.954231317706671e-05,\n",
       "    4.039872646881874e-05],\n",
       "   [-0.03616250831319516,\n",
       "    0.1914586812595586,\n",
       "    0.03165107340144876,\n",
       "    -0.0003283569166240579,\n",
       "    4.039872646881874e-05,\n",
       "    0.00014574108154637213]]},\n",
       " {'timestamp': '2022-05-12T07:58:20Z',\n",
       "  'position': [0.0, 0.0, 0.0],\n",
       "  'velocity': [0.0, 0.0, 0.0],\n",
       "  'covariance': [[55.9421519251291,\n",
       "    -260.5817894572332,\n",
       "    -27.71703666487912,\n",
       "    0.4220509064828643,\n",
       "    -0.0627089781138239,\n",
       "    -0.03319661047637522],\n",
       "   [-260.5817894572332,\n",
       "    6297.405641283487,\n",
       "    158.1053041633041,\n",
       "    -10.18112589327095,\n",
       "    0.3181313094144002,\n",
       "    0.181054001413534],\n",
       "   [-27.71703666487912,\n",
       "    158.1053041633041,\n",
       "    128.18566308221085,\n",
       "    -0.27352617386461253,\n",
       "    0.03005861881645712,\n",
       "    0.0327743815891384],\n",
       "   [0.4220509064828643,\n",
       "    -10.18112589327095,\n",
       "    -0.27352617386461253,\n",
       "    0.016509617171945695,\n",
       "    -0.0005144241758465848,\n",
       "    -0.00029792767342811896],\n",
       "   [-0.06270897811382388,\n",
       "    0.3181313094144002,\n",
       "    0.030058618816457123,\n",
       "    -0.0005144241758465848,\n",
       "    7.053203196489755e-05,\n",
       "    3.723356229746037e-05],\n",
       "   [-0.033196610476375225,\n",
       "    0.181054001413534,\n",
       "    0.0327743815891384,\n",
       "    -0.00029792767342811896,\n",
       "    3.723356229746037e-05,\n",
       "    0.00013508651329484475]]},\n",
       " {'timestamp': '2022-05-12T08:00:50Z',\n",
       "  'position': [0.0, 0.0, 0.0],\n",
       "  'velocity': [0.0, 0.0, 0.0],\n",
       "  'covariance': [[54.957721004943366,\n",
       "    -274.9310440100596,\n",
       "    -33.486453138049825,\n",
       "    0.43332143343342006,\n",
       "    -0.06149963883774043,\n",
       "    -0.02813486141804047],\n",
       "   [-274.9310440100596,\n",
       "    6495.565934316351,\n",
       "    194.95258897090912,\n",
       "    -10.40147681962353,\n",
       "    0.33422097463972006,\n",
       "    0.1633261398770994],\n",
       "   [-33.486453138049825,\n",
       "    194.95258897090912,\n",
       "    137.79600891123707,\n",
       "    -0.3244186253071117,\n",
       "    0.03655539702264001,\n",
       "    0.030735356287896677],\n",
       "   [0.43332143343342006,\n",
       "    -10.40147681962353,\n",
       "    -0.3244186253071117,\n",
       "    0.01670804741661086,\n",
       "    -0.0005269739312296674,\n",
       "    -0.00025782823631690304],\n",
       "   [-0.06149963883774043,\n",
       "    0.3342209746397201,\n",
       "    0.036555397022640004,\n",
       "    -0.0005269739312296673,\n",
       "    6.905828267670016e-05,\n",
       "    3.1741108184181706e-05],\n",
       "   [-0.02813486141804047,\n",
       "    0.1633261398770994,\n",
       "    0.030735356287896677,\n",
       "    -0.0002578282363169031,\n",
       "    3.1741108184181706e-05,\n",
       "    0.00012460804952108857]]},\n",
       " {'timestamp': '2022-05-12T08:03:20Z',\n",
       "  'position': [0.0, 0.0, 0.0],\n",
       "  'velocity': [0.0, 0.0, 0.0],\n",
       "  'covariance': [[52.055665548758256,\n",
       "    -279.93901679522344,\n",
       "    -37.502494965123944,\n",
       "    0.43072318903098583,\n",
       "    -0.058182426579285344,\n",
       "    -0.02145088213000713],\n",
       "   [-279.93901679522344,\n",
       "    6700.765647610581,\n",
       "    230.3497200047776,\n",
       "    -10.626597894908674,\n",
       "    0.3407205862161724,\n",
       "    0.13773859217542134],\n",
       "   [-37.502494965123944,\n",
       "    230.3497200047776,\n",
       "    146.34732499206834,\n",
       "    -0.3699804564321343,\n",
       "    0.04114846074505003,\n",
       "    0.02573543378573864],\n",
       "   [0.43072318903098583,\n",
       "    -10.626597894908674,\n",
       "    -0.3699804564321343,\n",
       "    0.016910339705363913,\n",
       "    -0.0005254052180707381,\n",
       "    -0.00020830896181438564],\n",
       "   [-0.058182426579285344,\n",
       "    0.3407205862161724,\n",
       "    0.04114846074505003,\n",
       "    -0.0005254052180707381,\n",
       "    6.527585791014734e-05,\n",
       "    2.443738940059717e-05],\n",
       "   [-0.02145088213000713,\n",
       "    0.13773859217542134,\n",
       "    0.02573543378573864,\n",
       "    -0.00020830896181438564,\n",
       "    2.443738940059717e-05,\n",
       "    0.00011530376565286124]]},\n",
       " {'timestamp': '2022-05-12T08:05:50Z',\n",
       "  'position': [0.0, 0.0, 0.0],\n",
       "  'velocity': [0.0, 0.0, 0.0],\n",
       "  'covariance': [[47.53825814127134,\n",
       "    -274.55660079254966,\n",
       "    -39.36154285194668,\n",
       "    0.41362573296241195,\n",
       "    -0.05309347196133463,\n",
       "    -0.013778262537960705],\n",
       "   [-274.55660079254966,\n",
       "    6906.281268119875,\n",
       "    262.416389691639,\n",
       "    -10.84929552416478,\n",
       "    0.3364656197698371,\n",
       "    0.10424712064510248],\n",
       "   [-39.36154285194668,\n",
       "    262.416389691639,\n",
       "    153.01804699305157,\n",
       "    -0.40829213367044015,\n",
       "    0.04339380794206518,\n",
       "    0.018259873835712176],\n",
       "   [0.41362573296241195,\n",
       "    -10.84929552416478,\n",
       "    -0.40829213367044015,\n",
       "    0.01710974187344673,\n",
       "    -0.0005089831031092829,\n",
       "    -0.00015009440781440877],\n",
       "   [-0.053093471961334626,\n",
       "    0.3364656197698371,\n",
       "    0.04339380794206518,\n",
       "    -0.0005089831031092829,\n",
       "    5.955839372262289e-05,\n",
       "    1.6012865332513037e-05],\n",
       "   [-0.013778262537960705,\n",
       "    0.1042471206451025,\n",
       "    0.01825987383571218,\n",
       "    -0.00015009440781440877,\n",
       "    1.6012865332513037e-05,\n",
       "    0.00010805746820599435]]},\n",
       " {'timestamp': '2022-05-12T08:08:20Z',\n",
       "  'position': [0.0, 0.0, 0.0],\n",
       "  'velocity': [0.0, 0.0, 0.0],\n",
       "  'covariance': [[41.86922313063951,\n",
       "    -258.207002852569,\n",
       "    -38.86604841193425,\n",
       "    0.3819413478718936,\n",
       "    -0.04673563637949316,\n",
       "    -0.005847275920252334],\n",
       "   [-258.207002852569,\n",
       "    7104.798194513512,\n",
       "    289.19440541815436,\n",
       "    -11.06214485763109,\n",
       "    0.3206776212617991,\n",
       "    0.06332235900749811],\n",
       "   [-38.86604841193425,\n",
       "    289.19440541815436,\n",
       "    157.16793705796303,\n",
       "    -0.43750315946621576,\n",
       "    0.04306599553457855,\n",
       "    0.009027034264193936],\n",
       "   [0.3819413478718936,\n",
       "    -11.06214485763109,\n",
       "    -0.43750315946621576,\n",
       "    0.0172997025190887,\n",
       "    -0.0004773631851188114,\n",
       "    -8.434546998966674e-05],\n",
       "   [-0.04673563637949316,\n",
       "    0.3206776212617991,\n",
       "    0.04306599553457855,\n",
       "    -0.0004773631851188114,\n",
       "    5.244992039915439e-05,\n",
       "    7.261129712006983e-06],\n",
       "   [-0.005847275920252334,\n",
       "    0.06332235900749811,\n",
       "    0.009027034264193936,\n",
       "    -8.434546998966674e-05,\n",
       "    7.261129712006983e-06,\n",
       "    0.00010355315055493278]]},\n",
       " {'timestamp': '2022-05-12T08:10:50Z',\n",
       "  'position': [0.0, 0.0, 0.0],\n",
       "  'velocity': [0.0, 0.0, 0.0],\n",
       "  'covariance': [[35.62810583235985,\n",
       "    -230.87102029586046,\n",
       "    -36.044689911274574,\n",
       "    0.3361647131045159,\n",
       "    -0.03973189602157359,\n",
       "    0.001584531444125105],\n",
       "   [-230.87102029586046,\n",
       "    7288.725014234854,\n",
       "    308.8057143692649,\n",
       "    -11.257491135080434,\n",
       "    0.29307650035849864,\n",
       "    0.015988224077204013],\n",
       "   [-36.044689911274574,\n",
       "    308.8057143692649,\n",
       "    158.3983343697176,\n",
       "    -0.4559489887074727,\n",
       "    0.040178877646420676,\n",
       "    -0.0010794600814139296],\n",
       "   [0.3361647131045159,\n",
       "    -11.257491135080434,\n",
       "    -0.4559489887074727,\n",
       "    0.01747323267712398,\n",
       "    -0.00043067556083867926,\n",
       "    -1.267609120999392e-05],\n",
       "   [-0.03973189602157359,\n",
       "    0.29307650035849864,\n",
       "    0.040178877646420676,\n",
       "    -0.0004306755608386792,\n",
       "    4.461743142656004e-05,\n",
       "    -9.920136819808984e-07],\n",
       "   [0.0015845314441251049,\n",
       "    0.01598822407720401,\n",
       "    -0.0010794600814139296,\n",
       "    -1.267609120999392e-05,\n",
       "    -9.920136819808984e-07,\n",
       "    0.00010221404534962569]]},\n",
       " {'timestamp': '2022-05-12T08:13:20Z',\n",
       "  'position': [0.0, 0.0, 0.0],\n",
       "  'velocity': [0.0, 0.0, 0.0],\n",
       "  'covariance': [[29.45389870866914,\n",
       "    -193.12396374580297,\n",
       "    -31.154275383527462,\n",
       "    0.2774064150439344,\n",
       "    -0.03276565370257814,\n",
       "    0.00778130328842109],\n",
       "   [-193.12396374580297,\n",
       "    7450.570152265602,\n",
       "    319.6115778196473,\n",
       "    -11.427730098721828,\n",
       "    0.2539778088963816,\n",
       "    -0.036216599454265266],\n",
       "   [-31.154275383527462,\n",
       "    319.6115778196473,\n",
       "    156.5984451427306,\n",
       "    -0.46234875111633367,\n",
       "    0.03497481341291695,\n",
       "    -0.011023785514615457],\n",
       "   [0.2774064150439344,\n",
       "    -11.427730098721828,\n",
       "    -0.46234875111633367,\n",
       "    0.01762313032854524,\n",
       "    -0.0003696482347097046,\n",
       "    6.28647096131574e-05],\n",
       "   [-0.03276565370257814,\n",
       "    0.25397780889638166,\n",
       "    0.03497481341291695,\n",
       "    -0.0003696482347097046,\n",
       "    3.678777672798909e-05,\n",
       "    -7.93697606035476e-06],\n",
       "   [0.007781303288421089,\n",
       "    -0.03621659945426527,\n",
       "    -0.011023785514615457,\n",
       "    6.28647096131574e-05,\n",
       "    -7.93697606035476e-06,\n",
       "    0.00010417255562403095]]},\n",
       " {'timestamp': '2022-05-12T08:15:50Z',\n",
       "  'position': [0.0, 0.0, 0.0],\n",
       "  'velocity': [0.0, 0.0, 0.0],\n",
       "  'covariance': [[23.9827662656319,\n",
       "    -146.13578616921328,\n",
       "    -24.656616084398028,\n",
       "    0.20732023660006707,\n",
       "    -0.02653605962605087,\n",
       "    0.012159117638044786],\n",
       "   [-146.13578616921328,\n",
       "    7583.35163522366,\n",
       "    320.36792722093605,\n",
       "    -11.565918936337843,\n",
       "    0.20430771848298995,\n",
       "    -0.09121356585059696],\n",
       "   [-24.656616084398028,\n",
       "    320.36792722093605,\n",
       "    151.95508256994947,\n",
       "    -0.45572524760170513,\n",
       "    0.027958593889521766,\n",
       "    -0.019910018648945798],\n",
       "   [0.20732023660006707,\n",
       "    -11.565918936337843,\n",
       "    -0.45572524760170513,\n",
       "    0.01774284993010181,\n",
       "    -0.00029557611329691924,\n",
       "    0.0001398610746854146],\n",
       "   [-0.02653605962605087,\n",
       "    0.20430771848298995,\n",
       "    0.027958593889521766,\n",
       "    -0.0002955761132969192,\n",
       "    2.972552239440737e-05,\n",
       "    -1.2913711795138125e-05],\n",
       "   [0.012159117638044786,\n",
       "    -0.09121356585059696,\n",
       "    -0.019910018648945794,\n",
       "    0.0001398610746854146,\n",
       "    -1.2913711795138125e-05,\n",
       "    0.00010918721745466003]]},\n",
       " {'timestamp': '2022-05-12T08:18:20Z',\n",
       "  'position': [0.0, 0.0, 0.0],\n",
       "  'velocity': [0.0, 0.0, 0.0],\n",
       "  'covariance': [[19.779468679294997,\n",
       "    -91.62717546777648,\n",
       "    -17.161953212981565,\n",
       "    0.12808487080572867,\n",
       "    -0.0216704355548358,\n",
       "    0.014301399039879405],\n",
       "   [-91.62717546777648,\n",
       "    7680.969563878149,\n",
       "    310.35522189326633,\n",
       "    -11.665732319019483,\n",
       "    0.1455080602517393,\n",
       "    -0.1465978348969842],\n",
       "   [-17.161953212981565,\n",
       "    310.35522189326633,\n",
       "    144.90999137181674,\n",
       "    -0.4356465668190366,\n",
       "    0.0197823042704654,\n",
       "    -0.026906855564020705],\n",
       "   [0.12808487080572867,\n",
       "    -11.665732319019483,\n",
       "    -0.4356465668190366,\n",
       "    0.017825881767156142,\n",
       "    -0.00021019081333150297,\n",
       "    0.00021561138551369732],\n",
       "   [-0.0216704355548358,\n",
       "    0.14550806025173932,\n",
       "    0.0197823042704654,\n",
       "    -0.00021019081333150294,\n",
       "    2.412203392890793e-05,\n",
       "    -1.5441397630349884e-05],\n",
       "   [0.014301399039879405,\n",
       "    -0.1465978348969842,\n",
       "    -0.026906855564020705,\n",
       "    0.00021561138551369732,\n",
       "    -1.5441397630349884e-05,\n",
       "    0.00011677706291324929]]},\n",
       " {'timestamp': '2022-05-12T08:20:50Z',\n",
       "  'position': [0.0, 0.0, 0.0],\n",
       "  'velocity': [0.0, 0.0, 0.0],\n",
       "  'covariance': [[17.28280346241328,\n",
       "    -31.756432201772835,\n",
       "    -9.375411619332999,\n",
       "    0.042293042029103806,\n",
       "    -0.018673101873881635,\n",
       "    0.01400065349386685],\n",
       "   [-31.756432201772835,\n",
       "    7738.570531083402,\n",
       "    289.45616831939464,\n",
       "    -11.721868778589462,\n",
       "    0.07967431569895979,\n",
       "    -0.19982289907437922],\n",
       "   [-9.375411619332999,\n",
       "    289.45616831939464,\n",
       "    136.133049887029,\n",
       "    -0.4022769874633133,\n",
       "    0.01121273327217475,\n",
       "    -0.03134919121218646],\n",
       "   [0.042293042029103806,\n",
       "    -11.721868778589462,\n",
       "    -0.4022769874633133,\n",
       "    0.017866278805741286,\n",
       "    -0.00011593923773967578,\n",
       "    0.00028734355887642996],\n",
       "   [-0.018673101873881635,\n",
       "    0.07967431569895979,\n",
       "    0.01121273327217475,\n",
       "    -0.00011593923773967578,\n",
       "    2.0552429531554173e-05,\n",
       "    -1.52611540663199e-05],\n",
       "   [0.01400065349386685,\n",
       "    -0.19982289907437922,\n",
       "    -0.03134919121218646,\n",
       "    0.00028734355887642996,\n",
       "    -1.52611540663199e-05,\n",
       "    0.0001262239494870859]]},\n",
       " {'timestamp': '2022-05-12T08:23:20Z',\n",
       "  'position': [0.0, 0.0, 0.0],\n",
       "  'velocity': [0.0, 0.0, 0.0],\n",
       "  'covariance': [[16.763334845891606,\n",
       "    31.00949367916985,\n",
       "    -2.0294647543576447,\n",
       "    -0.04716398957457086,\n",
       "    -0.017874269279052963,\n",
       "    0.011280840126950353],\n",
       "   [31.00949367916985,\n",
       "    7752.846722129188,\n",
       "    258.1948450697008,\n",
       "    -11.730378877335152,\n",
       "    0.009300920234244245,\n",
       "    -0.24831953151902575],\n",
       "   [-2.0294647543576447,\n",
       "    258.1948450697008,\n",
       "    126.45924130335528,\n",
       "    -0.3563952497226498,\n",
       "    0.003060590538614143,\n",
       "    -0.032812712451883747],\n",
       "   [-0.04716398957457086,\n",
       "    -11.730378877335152,\n",
       "    -0.3563952497226498,\n",
       "    0.017859059551110897,\n",
       "    -1.567466315749868e-05,\n",
       "    0.00035228799928018666],\n",
       "   [-0.017874269279052963,\n",
       "    0.009300920234244246,\n",
       "    0.003060590538614143,\n",
       "    -1.5674663157498685e-05,\n",
       "    1.9413588586100975e-05,\n",
       "    -1.2364849941554192e-05],\n",
       "   [0.011280840126950353,\n",
       "    -0.24831953151902575,\n",
       "    -0.032812712451883747,\n",
       "    0.00035228799928018666,\n",
       "    -1.2364849941554192e-05,\n",
       "    0.00013663285047507608]]},\n",
       " {'timestamp': '2022-05-12T08:25:50Z',\n",
       "  'position': [0.0, 0.0, 0.0],\n",
       "  'velocity': [0.0, 0.0, 0.0],\n",
       "  'covariance': [[18.29743989475883,\n",
       "    94.06130483684181,\n",
       "    4.1877566897396115,\n",
       "    -0.137271180992436,\n",
       "    -0.019389008972770037,\n",
       "    0.006414031933398369],\n",
       "   [94.06130483684181,\n",
       "    7722.250587930703,\n",
       "    217.7243602067068,\n",
       "    -11.689005223241772,\n",
       "    -0.06269768955698554,\n",
       "    -0.2896636094709373],\n",
       "   [4.1877566897396115,\n",
       "    217.7243602067068,\n",
       "    116.80719083722377,\n",
       "    -0.29936097213993257,\n",
       "    -0.0039012003511156635,\n",
       "    -0.031186621915323263],\n",
       "   [-0.137271180992436,\n",
       "    -11.689005223241772,\n",
       "    -0.29936097213993257,\n",
       "    0.017800798318134872,\n",
       "    8.723263523522237e-05,\n",
       "    0.00040778769297058305],\n",
       "   [-0.019389008972770037,\n",
       "    -0.06269768955698556,\n",
       "    -0.003901200351115663,\n",
       "    8.723263523522237e-05,\n",
       "    2.0867684263362028e-05,\n",
       "    -7.018134001067471e-06],\n",
       "   [0.00641403193339837,\n",
       "    -0.2896636094709373,\n",
       "    -0.031186621915323266,\n",
       "    0.00040778769297058305,\n",
       "    -7.018134001067471e-06,\n",
       "    0.00014707390503904743]]},\n",
       " {'timestamp': '2022-05-12T08:28:20Z',\n",
       "  'position': [0.0, 0.0, 0.0],\n",
       "  'velocity': [0.0, 0.0, 0.0],\n",
       "  'covariance': [[21.75922796524487,\n",
       "    154.8074826093533,\n",
       "    8.70088346839149,\n",
       "    -0.2249827320148873,\n",
       "    -0.023109633623020546,\n",
       "    -0.000150612647109245],\n",
       "   [154.8074826093533,\n",
       "    7647.0881877525335,\n",
       "    169.7572392865767,\n",
       "    -11.597361986920975,\n",
       "    -0.1333595958792695,\n",
       "    -0.32181686328384534],\n",
       "   [8.70088346839149,\n",
       "    169.7572392865767,\n",
       "    108.0857468830436,\n",
       "    -0.23315178160655237,\n",
       "    -0.0090035080063971,\n",
       "    -0.02659748875322524],\n",
       "   [-0.2249827320148873,\n",
       "    -11.597361986920975,\n",
       "    -0.23315178160655237,\n",
       "    0.017689967276095134,\n",
       "    0.0001892901195903996,\n",
       "    0.00045161543545678667],\n",
       "   [-0.023109633623020546,\n",
       "    -0.1333595958792695,\n",
       "    -0.0090035080063971,\n",
       "    0.0001892901195903996,\n",
       "    2.483320534710917e-05,\n",
       "    3.0489470477057614e-07],\n",
       "   [-0.000150612647109245,\n",
       "    -0.32181686328384534,\n",
       "    -0.02659748875322524,\n",
       "    0.00045161543545678667,\n",
       "    3.0489470477057614e-07,\n",
       "    0.0001565733565374055]]},\n",
       " {'timestamp': '2022-05-12T08:30:50Z',\n",
       "  'position': [0.0, 0.0, 0.0],\n",
       "  'velocity': [0.0, 0.0, 0.0],\n",
       "  'covariance': [[26.84243596562301,\n",
       "    210.83768155910852,\n",
       "    11.087109792594141,\n",
       "    -0.30739781253654075,\n",
       "    -0.02872361599954096,\n",
       "    -0.007813779480688784],\n",
       "   [210.83768155910852,\n",
       "    7529.490335187393,\n",
       "    116.46570823204448,\n",
       "    -11.456913271118294,\n",
       "    -0.1997446554319877,\n",
       "    -0.34322706141652687],\n",
       "   [11.087109792594141,\n",
       "    116.46570823204448,\n",
       "    101.13366466903157,\n",
       "    -0.1602177998414486,\n",
       "    -0.011729722006599542,\n",
       "    -0.019444623946107957],\n",
       "   [-0.30739781253654075,\n",
       "    -11.456913271118294,\n",
       "    -0.1602177998414486,\n",
       "    0.017526835752691847,\n",
       "    0.00028691134333427425,\n",
       "    0.00048206223998206125],\n",
       "   [-0.02872361599954096,\n",
       "    -0.1997446554319877,\n",
       "    -0.011729722006599542,\n",
       "    0.00028691134333427425,\n",
       "    3.099844364915529e-05,\n",
       "    8.932347769563735e-06],\n",
       "   [-0.007813779480688786,\n",
       "    -0.34322706141652687,\n",
       "    -0.019444623946107957,\n",
       "    0.00048206223998206125,\n",
       "    8.932347769563735e-06,\n",
       "    0.00016417960664200768]]},\n",
       " {'timestamp': '2022-05-12T08:33:20Z',\n",
       "  'position': [0.0, 0.0, 0.0],\n",
       "  'velocity': [0.0, 0.0, 0.0],\n",
       "  'covariance': [[33.08638602093285,\n",
       "    260.0711742270078,\n",
       "    11.124149889430731,\n",
       "    -0.38193928193922994,\n",
       "    -0.03572498770542305,\n",
       "    -0.015854625430331424],\n",
       "   [260.0711742270078,\n",
       "    7373.283041589393,\n",
       "    60.33389972019342,\n",
       "    -11.27095500678139,\n",
       "    -0.259144552037141,\n",
       "    -0.3529582844721458],\n",
       "   [11.124149889430731,\n",
       "    60.33389972019342,\n",
       "    96.62434451299272,\n",
       "    -0.08330490078017587,\n",
       "    -0.011796929808026406,\n",
       "    -0.010407417238552335],\n",
       "   [-0.38193928193922994,\n",
       "    -11.27095500678139,\n",
       "    -0.08330490078017587,\n",
       "    0.01731364601071787,\n",
       "    0.00037667225158851596,\n",
       "    0.0004980119624280368],\n",
       "   [-0.03572498770542306,\n",
       "    -0.259144552037141,\n",
       "    -0.011796929808026406,\n",
       "    0.00037667225158851596,\n",
       "    3.8813239280910437e-05,\n",
       "    1.8041057661058768e-05],\n",
       "   [-0.015854625430331424,\n",
       "    -0.3529582844721458,\n",
       "    -0.010407417238552335,\n",
       "    0.0004980119624280368,\n",
       "    1.8041057661058768e-05,\n",
       "    0.0001691631399510194]]},\n",
       " {'timestamp': '2022-05-12T08:35:50Z',\n",
       "  'position': [0.0, 0.0, 0.0],\n",
       "  'velocity': [0.0, 0.0, 0.0],\n",
       "  'covariance': [[39.919181019669296,\n",
       "    300.8759016473992,\n",
       "    8.812177724255365,\n",
       "    -0.4464612186129728,\n",
       "    -0.043463845178998116,\n",
       "    -0.02351722883653528],\n",
       "   [300.8759016473992,\n",
       "    7183.746746677846,\n",
       "    3.982685138894691,\n",
       "    -11.044484142284642,\n",
       "    -0.30926697392899066,\n",
       "    -0.3507778307667017],\n",
       "   [8.812177724255365,\n",
       "    3.982685138894691,\n",
       "    94.99885580105568,\n",
       "    -0.0053270665559852215,\n",
       "    -0.009182712349154869,\n",
       "    -0.00034707769718157365],\n",
       "   [-0.4464612186129728,\n",
       "    -11.044484142284642,\n",
       "    -0.0053270665559852215,\n",
       "    0.017054662833243965,\n",
       "    0.00045549572719291384,\n",
       "    0.000499067586267197],\n",
       "   [-0.04346384517899811,\n",
       "    -0.30926697392899066,\n",
       "    -0.00918271234915487,\n",
       "    0.00045549572719291384,\n",
       "    4.754424536756983e-05,\n",
       "    2.675175746125055e-05],\n",
       "   [-0.02351722883653528,\n",
       "    -0.3507778307667017,\n",
       "    -0.00034707769718157365,\n",
       "    0.0004990675862671969,\n",
       "    2.675175746125055e-05,\n",
       "    0.00017104708557921441]]},\n",
       " {'timestamp': '2022-05-12T08:38:20Z',\n",
       "  'position': [0.0, 0.0, 0.0],\n",
       "  'velocity': [0.0, 0.0, 0.0],\n",
       "  'covariance': [[46.71056411238247,\n",
       "    332.144730520344,\n",
       "    4.373827435207047,\n",
       "    -0.49933675179876136,\n",
       "    -0.05120903950443217,\n",
       "    -0.030081159681596963],\n",
       "   [332.144730520344,\n",
       "    6967.286661166953,\n",
       "    -50.01634712792437,\n",
       "    -10.784014538453262,\n",
       "    -0.3484113479018131,\n",
       "    -0.3371314891127559],\n",
       "   [4.373827435207047,\n",
       "    -50.01634712792437,\n",
       "    96.42308582295688,\n",
       "    0.07081405050452894,\n",
       "    -0.004131067728767639,\n",
       "    0.009775619067174371],\n",
       "   [-0.49933675179876136,\n",
       "    -10.784014538453262,\n",
       "    0.07081405050452894,\n",
       "    0.01675625380291217,\n",
       "    0.0005208761394563841,\n",
       "    0.00048552305666968773],\n",
       "   [-0.051209039504432174,\n",
       "    -0.34841134790181316,\n",
       "    -0.004131067728767639,\n",
       "    0.000520876139456384,\n",
       "    5.6347695102454045e-05,\n",
       "    3.421763612990948e-05],\n",
       "   [-0.030081159681596963,\n",
       "    -0.33713148911275587,\n",
       "    0.009775619067174371,\n",
       "    0.00048552305666968773,\n",
       "    3.421763612990948e-05,\n",
       "    0.00016965128178671673]]},\n",
       " {'timestamp': '2022-05-12T08:40:50Z',\n",
       "  'position': [0.0, 0.0, 0.0],\n",
       "  'velocity': [0.0, 0.0, 0.0],\n",
       "  'covariance': [[52.829448646878795,\n",
       "    353.3303404553115,\n",
       "    -1.766635229886103,\n",
       "    -0.5394998135993179,\n",
       "    -0.05822074546375774,\n",
       "    -0.03492940381368235],\n",
       "   [353.3303404553115,\n",
       "    6731.0288096988015,\n",
       "    -99.32070390930629,\n",
       "    -10.497080624820793,\n",
       "    -0.37559262304513613,\n",
       "    -0.31309082425345347],\n",
       "   [-1.766635229886103,\n",
       "    -99.32070390930629,\n",
       "    100.77118942891389,\n",
       "    0.1424047739022474,\n",
       "    0.00287058052344024,\n",
       "    0.018992241293782332],\n",
       "   [-0.5394998135993179,\n",
       "    -10.497080624820793,\n",
       "    0.1424047739022474,\n",
       "    0.016426184502288,\n",
       "    0.0005710507472301064,\n",
       "    0.0004583123265735659],\n",
       "   [-0.058220745463757745,\n",
       "    -0.37559262304513613,\n",
       "    0.00287058052344024,\n",
       "    0.0005710507472301064,\n",
       "    6.435931014729355e-05,\n",
       "    3.9712437593733034e-05],\n",
       "   [-0.03492940381368235,\n",
       "    -0.31309082425345347,\n",
       "    0.018992241293782332,\n",
       "    0.0004583123265735659,\n",
       "    3.9712437593733034e-05,\n",
       "    0.00016510946335037742]]},\n",
       " {'timestamp': '2022-05-12T08:43:20Z',\n",
       "  'position': [0.0, 0.0, 0.0],\n",
       "  'velocity': [0.0, 0.0, 0.0],\n",
       "  'covariance': [[57.70177140227017,\n",
       "    364.44098974118054,\n",
       "    -9.023170948101402,\n",
       "    -0.5664520935109342,\n",
       "    -0.0638241761713179,\n",
       "    -0.03760897958909618],\n",
       "   [364.44098974118054,\n",
       "    6482.388261140416,\n",
       "    -141.97525913831856,\n",
       "    -10.191757756383845,\n",
       "    -0.3905751900755398,\n",
       "    -0.2802891179447035],\n",
       "   [-9.023170948101402,\n",
       "    -141.97525913831856,\n",
       "    107.63734203772141,\n",
       "    0.20707519878783115,\n",
       "    0.01114048381301484,\n",
       "    0.026420728502642432],\n",
       "   [-0.5664520935109342,\n",
       "    -10.191757756383845,\n",
       "    0.20707519878783115,\n",
       "    0.01607302630568973,\n",
       "    0.0006050678643325539,\n",
       "    0.00041897389786017895],\n",
       "   [-0.0638241761713179,\n",
       "    -0.3905751900755398,\n",
       "    0.01114048381301484,\n",
       "    0.0006050678643325539,\n",
       "    7.078737774668251e-05,\n",
       "    4.270646572682823e-05],\n",
       "   [-0.03760897958909618,\n",
       "    -0.28028911794470346,\n",
       "    0.026420728502642436,\n",
       "    0.00041897389786017895,\n",
       "    4.270646572682823e-05,\n",
       "    0.00015785974897207012]]},\n",
       " {'timestamp': '2022-05-12T08:45:50Z',\n",
       "  'position': [0.0, 0.0, 0.0],\n",
       "  'velocity': [0.0, 0.0, 0.0],\n",
       "  'covariance': [[60.8637486026237,\n",
       "    365.99657085925696,\n",
       "    -16.703337311226644,\n",
       "    -0.5802394662026047,\n",
       "    -0.06747260342602347,\n",
       "    -0.03787495792470711],\n",
       "   [365.99657085925696,\n",
       "    6228.659996992041,\n",
       "    -176.53410059192572,\n",
       "    -9.876298893882016,\n",
       "    -0.39376154179600387,\n",
       "    -0.24077818805665815],\n",
       "   [-16.703337311226644,\n",
       "    -176.53410059192572,\n",
       "    116.37460880824828,\n",
       "    0.2629221880899099,\n",
       "    0.019870361385103997,\n",
       "    0.031350940679354476],\n",
       "   [-0.5802394662026047,\n",
       "    -9.876298893882016,\n",
       "    0.2629221880899099,\n",
       "    0.01570588263884791,\n",
       "    0.000622668019503265,\n",
       "    0.00036952492446749077],\n",
       "   [-0.06747260342602347,\n",
       "    -0.3937615417960039,\n",
       "    0.019870361385103997,\n",
